4
7
8
9
10
12
13
14
15
17
18
19
20
21
23
25
27
29
30
31
32
33
35
36
37
38
39
40
41
42
43
44
47
48
49
50
51
54
55
56
57
58
59
60
61
62
64
66
70
73
74
75
76
77
78
79
80
81
82
83
84
85
88
89
90
91
92
93
94
95
98
99
100
101
102
103
104
105
106
107
109
111
112
114
116
117
119
120
121
123
124
129
130
131
132
137
138
140
142
144
145
146
151
153
155
156
160
162
164
165
166
167
169
171
172
173
174
178
179
181
183
185
188
192
203
204
205
206
207
209
213
217
218
222
228
230
231
234
235
240
243
247
250
254
258
265
276
277
284
285
286
296
297
301
304
306
307
308
316
317
320
321
324
336
341
343
345
346
347
349
351
356
357
362
371
381
387
389
393
418
431
