1
2
3
4
5
6
7
8
9
10
11
12
13
14
15
16
17
18
19
20
21
22
23
24
25
26
27
28
29
30
31
32
33
34
35
36
37
38
39
40
41
42
43
44
45
46
47
48
49
50
51
52
53
54
55
56
57
58
59
60
61
62
63
64
65
66
67
68
69
70
71
72
73
74
75
76
77
78
79
80
81
82
83
84
85
86
87
88
89
90
91
92
93
94
95
96
97
98
99
100
101
102
103
104
105
106
107
108
109
110
111
112
113
114
115
116
117
118
119
120
121
122
123
124
125
129
130
131
132
133
134
135
137
138
140
144
145
146
149
151
155
156
159
160
162
164
167
168
169
172
173
174
178
179
183
185
187
188
190
191
192
193
197
199
203
204
205
206
207
209
211
213
214
215
216
217
221
231
234
235
243
247
258
265
267
274
277
278
285
286
291
293
296
297
301
303
304
307
315
317
321
323
329
336
343
345
346
347
348
349
357
363
371
381
386
387
392
407
429
451
493
500
504
531
549
548
545
