4
7
8
9
10
12
13
14
15
17
18
19
20
21
23
25
27
29
30
31
32
33
35
36
37
38
39
40
41
42
43
44
47
48
49
50
51
54
55
56
57
58
59
60
61
62
64
66
70
73
74
75
76
77
78
79
80
81
82
83
84
85
88
89
90
91
92
93
94
95
98
99
100
101
102
103
104
105
106
107
109
112
114
116
117
118
119
120
121
123
124
131
132
137
138
140
144
145
146
151
162
164
169
172
173
174
178
179
183
185
188
192
203
204
205
206
207
209
213
221
231
235
243
247
258
265
277
285
286
296
297
301
304
317
321
323
343
345
346
347
348
349
357
371
381
387
392
493
