8
116
72
69
0
103
79
83
80
69
76
0
79
70
0
106
79
72
78
12
0
67
72
65
80
84
69
82
0
17
9
0
17
0
105
78
0
84
72
69
0
66
69
71
73
78
78
73
78
71
0
84
72
69
0
119
79
82
68
0
65
76
82
69
65
68
89
0
69
88
73
83
84
69
68
14
0
104
69
0
87
65
83
0
87
73
84
72
0
103
79
68
12
0
65
78
68
0
72
69
0
87
65
83
0
103
79
68
14
0
18
0
104
69
0
87
65
83
0
73
78
0
84
72
69
0
66
69
71
73
78
78
73
78
71
0
87
73
84
72
0
103
79
68
14
0
19
0
104
69
0
67
82
69
65
84
69
68
0
69
86
69
82
89
84
72
73
78
71
0
84
72
69
82
69
0
73
83
14
0
110
79
84
72
73
78
71
0
69
88
73
83
84
83
0
84
72
65
84
0
72
69
0
68
73
68
78
7
84
0
77
65
75
69
14
0
20
0
108
73
70
69
0
73
84
83
69
76
70
0
87
65
83
0
73
78
0
72
73
77
12
0
65
78
68
0
84
72
73
83
0
76
73
70
69
0
71
73
86
69
83
0
76
73
71
72
84
0
84
79
0
69
86
69
82
89
79
78
69
14
0
21
0
116
72
69
0
76
73
71
72
84
0
83
72
73
78
69
83
0
84
72
82
79
85
71
72
0
84
72
69
0
68
65
82
75
78
69
83
83
12
0
65
78
68
0
84
72
69
0
68
65
82
75
78
69
83
83
0
67
65
78
0
78
69
86
69
82
0
69
88
84
73
78
71
85
73
83
72
0
73
84
14
0
22
0
103
79
68
0
83
69
78
84
0
106
79
72
78
0
84
72
69
0
98
65
80
84
73
83
84
0
23
0
84
79
0
84
69
76
76
0
69
86
69
82
89
79
78
69
0
65
66
79
85
84
0
84
72
69
0
76
73
71
72
84
0
83
79
0
84
72
65
84
0
69
86
69
82
89
79
78
69
0
77
73
71
72
84
0
66
69
76
73
69
86
69
0
66
69
67
65
85
83
69
0
79
70
0
72
73
83
0
84
69
83
84
73
77
79
78
89
14
0
24
0
106
79
72
78
0
72
73
77
83
69
76
70
0
87
65
83
0
78
79
84
0
84
72
69
0
76
73
71
72
84
27
0
72
69
0
87
65
83
0
79
78
76
89
0
65
0
87
73
84
78
69
83
83
0
84
79
0
84
72
69
0
76
73
71
72
84
14
0
25
0
116
72
69
0
79
78
69
0
87
72
79
0
73
83
0
84
72
69
0
84
82
85
69
0
76
73
71
72
84
12
0
87
72
79
0
71
73
86
69
83
0
76
73
71
72
84
0
84
79
0
69
86
69
82
89
79
78
69
12
0
87
65
83
0
71
79
73
78
71
0
84
79
0
67
79
77
69
0
73
78
84
79
0
84
72
69
0
87
79
82
76
68
14
0
17
16
0
98
85
84
0
65
76
84
72
79
85
71
72
0
84
72
69
0
87
79
82
76
68
0
87
65
83
0
77
65
68
69
0
84
72
82
79
85
71
72
0
72
73
77
12
0
84
72
69
0
87
79
82
76
68
0
68
73
68
78
7
84
0
82
69
67
79
71
78
73
90
69
0
72
73
77
0
87
72
69
78
0
72
69
0
67
65
77
69
14
0
17
17
0
101
86
69
78
0
73
78
0
72
73
83
0
79
87
78
0
76
65
78
68
0
65
78
68
0
65
77
79
78
71
0
72
73
83
0
79
87
78
0
80
69
79
80
76
69
12
0
72
69
0
87
65
83
0
78
79
84
0
65
67
67
69
80
84
69
68
14
0
17
18
0
98
85
84
0
84
79
0
65
76
76
0
87
72
79
0
66
69
76
73
69
86
69
68
0
72
73
77
0
65
78
68
0
65
67
67
69
80
84
69
68
0
72
73
77
12
0
72
69
0
71
65
86
69
0
84
72
69
0
82
73
71
72
84
0
84
79
0
66
69
67
79
77
69
0
67
72
73
76
68
82
69
78
0
79
70
0
103
79
68
14
0
17
19
0
116
72
69
89
0
65
82
69
0
82
69
66
79
82
78
1
0
116
72
73
83
0
73
83
0
78
79
84
0
65
0
80
72
89
83
73
67
65
76
0
66
73
82
84
72
0
82
69
83
85
76
84
73
78
71
0
70
82
79
77
0
72
85
77
65
78
0
80
65
83
83
73
79
78
0
79
82
0
80
76
65
78
12
0
84
72
73
83
0
82
69
66
73
82
84
72
0
67
79
77
69
83
0
70
82
79
77
0
103
79
68
14
17
20
0
115
79
0
84
72
69
0
119
79
82
68
0
66
69
67
65
77
69
0
72
85
77
65
78
0
65
78
68
0
76
73
86
69
68
0
72
69
82
69
0
79
78
0
69
65
82
84
72
0
65
77
79
78
71
0
85
83
14
0
104
69
0
87
65
83
0
70
85
76
76
0
79
70
0
85
78
70
65
73
76
73
78
71
0
76
79
86
69
0
65
78
68
0
70
65
73
84
72
70
85
76
78
69
83
83
14
0
97
78
68
0
87
69
0
72
65
86
69
0
83
69
69
78
0
72
73
83
0
71
76
79
82
89
12
0
84
72
69
0
71
76
79
82
89
0
79
70
0
84
72
69
0
79
78
76
89
0
115
79
78
0
79
70
0
84
72
69
0
102
65
84
72
69
82
14
